!Development of a reduced n-dodecane-PAH mechanism and its Application for n-dodecane Soot Predictions
!Hu Wang, Youngchul Ra, Ming Jia and Rolf. D. Reitz
!Submitted to Fuel
!100 species and 432 reactions
THERMO ALL
  300.000  1000.000  5000.000
c12h26            -thermh  26c  12          G     300.0    5000.0  1391.0      1
   3.85095037E1  5.63550048E-2   -1.914932E-5  2.96024862E-9 -1.7124415E-13    2
  -5.48843465E4  -1.72670922E2  -2.62181594E0  1.47237711E-1 -9.43970271E-5    3
  3.07441268E-8 -4.0360223E-12  -4.00654253E4   5.00994626E1                   4
o2                121386o   2               G     300.0    5000.0  1000.0      1
     3.697578E0    6.135197E-4   -1.258842E-7   1.775281E-11  -1.136435E-15    2
     -1.23393E3     3.189166E0     3.212936E0    1.127486E-3    -5.75615E-7    3
    1.313877E-9  -8.768554E-13    -1.005249E3     6.034738E0                   4
n2                121286n   2               G     300.0    5000.0  1000.0      1
      2.92664E0    1.487977E-3   -5.684761E-7   1.009704E-10  -6.753351E-15    2
    -9.227977E2     5.980528E0     3.298677E0     1.40824E-3   -3.963222E-6    3
    5.641515E-9  -2.444855E-12      -1.0209E3     3.950372E0                   4
co2               121286o   2c   1          G     300.0    5000.0  1000.0      1
     4.453623E0    3.140169E-3   -1.278411E-6   2.393997E-10  -1.669033E-14    2
    -4.896696E4   -9.553959E-1     2.275725E0    9.922072E-3   -1.040911E-5    3
    6.866687E-9   -2.11728E-12    -4.837314E4     1.018849E1                   4
h2o               -20387h   2o   1          G     300.0    5000.0  1000.0      1
     2.672146E0    3.056293E-3    -8.73026E-7   1.200996E-10  -6.391618E-15    2
    -2.989921E4     6.862817E0     3.386842E0    3.474982E-3   -6.354696E-6    3
    6.968581E-9  -2.506588E-12    -3.020811E4     2.590233E0                   4
co                121286o   1c   1          G     300.0    5000.0  1000.0      1
     3.025078E0    1.442689E-3   -5.630828E-7   1.018581E-10  -6.910952E-15    2
    -1.426835E4     6.108218E0     3.262452E0    1.511941E-3   -3.881755E-6    3
    5.581944E-9  -2.474951E-12    -1.431054E4     4.848897E0                   4
h2                121286h   2               G     300.0    5000.0  1000.0      1
     2.991423E0    7.000644E-4   -5.633829E-8  -9.231578E-12   1.582752E-15    2
     -8.35034E2     -1.35511E0     3.298124E0    8.249442E-4   -8.143015E-7    3
  -9.475434E-11   4.134872E-13    -1.012521E3    -3.294094E0                   4
oh                -thermh   1o   1          G     300.0    5000.0  1357.0      1
   2.62599754E0  1.31992406E-3  -3.5972467E-7   4.256308E-11-1.82048016E-15    2
   4.12085374E3   7.10667307E0   3.43586219E0  2.02235804E-4 -1.13546412E-7    3
 2.42445149E-10-7.43651031E-14   3.74321252E3   2.45014127E0                   4
h2o2              120186h   2o   2          G     300.0    5000.0  1000.0      1
     4.573167E0    4.336136E-3   -1.474689E-6   2.348904E-10  -1.431654E-14    2
    -1.800696E4     5.01137E-1     3.388754E0    6.569226E-3   -1.485013E-7    3
   -4.625806E-9   2.471515E-12    -1.766315E4     6.785363E0                   4
ho2               -thermh   1o   2          G     300.0    5000.0  1390.0      1
   4.10547423E0  2.38452835E-3 -8.06347989E-7 1.24191723E-10-7.16400108E-15    2
   3.98127689E2   3.12515836E0   3.18310656E0   3.6676795E-3 -9.32385122E-7    3
-3.25852919E-10 1.51139912E-13   8.09181013E2   8.39371099E0                   4
h                 120186h   1               G     300.0    5000.0  1000.0      1
          2.5E0          0.0E0          0.0E0          0.0E0          0.0E0    2
     2.547163E4   -4.601176E-1          2.5E0          0.0E0          0.0E0    3
          0.0E0          0.0E0     2.547163E4   -4.601176E-1                   4
o                 120186o   1               G     300.0    5000.0  1000.0      1
      2.54206E0   -2.755062E-5   -3.102803E-9   4.551067E-12  -4.368052E-16    2
      2.92308E4     4.920308E0     2.946429E0   -1.638166E-3    2.421032E-6    3
   -1.602843E-9   3.890696E-13     2.914764E4     2.963995E0                   4
ch3o              121686h   3o   1c   1     G     300.0    3000.0  1000.0      1
       3.7708E0    7.871497E-3   -2.656384E-6   3.944431E-10  -2.112616E-14    2
     1.278325E2     2.929575E0     2.106204E0    7.216595E-3    5.338472E-6    3
   -7.377636E-9   2.075611E-12     9.786011E2     1.315218E1                   4
ch2o              121286h   2o   1c   1     G     300.0    5000.0  1000.0      1
     2.995606E0    6.681321E-3   -2.628955E-6   4.737153E-10  -3.212517E-14    2
    -1.532037E4     6.912572E0     1.652731E0    1.263144E-2   -1.888168E-5    3
    2.050031E-8  -8.413237E-12     -1.48654E4     1.378482E1                   4
hco               121286h   1o   1c   1     G     300.0    5000.0  1000.0      1
     3.557271E0    3.345573E-3   -1.335006E-6   2.470573E-10  -1.713851E-14    2
     3.916324E3     5.552299E0      2.89833E0    6.199147E-3   -9.623084E-6    3
    1.089825E-8  -4.574885E-12     4.159922E3     8.983614E0                   4
ch2               120186h   2c   1          G     250.0    4000.0  1000.0      1
     3.636408E0    1.933057E-3   -1.687016E-7  -1.009899E-10   1.808256E-14    2
     4.534134E4     2.156561E0     3.762237E0    1.159819E-3    2.489585E-7    3
   8.800836E-10  -7.332435E-13     4.536791E4     1.712578E0                   4
ch3               121286h   3c   1          G     300.0    5000.0  1000.0      1
     2.844052E0    6.137974E-3   -2.230345E-6   3.785161E-10  -2.452159E-14    2
     1.643781E4     5.452697E0     2.430443E0     1.11241E-2    -1.68022E-5    3
    1.621829E-8  -5.864953E-12     1.642378E4     6.789794E0                   4
ch4               121286h   4c   1          G     300.0    5000.0  1000.0      1
     1.683479E0    1.023724E-2   -3.875129E-6   6.785585E-10  -4.503423E-14    2
    -1.008079E4     9.623395E0    7.787415E-1    1.747668E-2   -2.783409E-5    3
    3.049708E-8  -1.223931E-11    -9.825229E3     1.372219E1                   4
c2h2              121386h   2c   2          G     300.0    5000.0  1000.0      1
      4.43677E0    5.376039E-3   -1.912817E-6   3.286379E-10   -2.15671E-14    2
     2.566766E4    -2.800338E0     2.013562E0    1.519045E-2   -1.616319E-5    3
    9.078992E-9  -1.912746E-12     2.612444E4     8.805378E0                   4
c2h3              -12787h   3c   2          G     300.0    5000.0  1000.0      1
     5.933468E0    4.017746E-3    -3.96674E-7  -1.441267E-10   2.378644E-14    2
     3.185435E4    -8.530313E0     2.459276E0    7.371476E-3    2.109873E-6    3
   -1.321642E-9  -1.184784E-12     3.335225E4      1.15562E1                   4
c2h4              121286h   4c   2          G     300.0    5000.0  1000.0      1
     3.528419E0    1.148518E-2   -4.418385E-6   7.844601E-10  -5.266848E-14    2
     4.428289E3     2.230389E0    -8.61488E-1    2.796163E-2   -3.388677E-5    3
    2.785152E-8  -9.737879E-12     5.573046E3     2.421149E1                   4
c2h5              -12387h   5c   2          G     300.0    5000.0  1000.0      1
      7.19048E0    6.484077E-3   -6.428065E-7  -2.347879E-10   3.880877E-14    2
     1.067455E4    -1.478089E1     2.690702E0    8.719133E-3    4.419839E-6    3
   9.338703E-10  -3.927773E-12      1.28704E4      1.21382E1                   4
c2h6              -thermh   6c   2          G     300.0    5000.0  1384.0      1
   6.10683385E0  1.29236361E-2 -4.42527196E-6 6.87391726E-10-3.98901732E-14    2
  -1.37500014E4   -1.3008125E1 -2.52854344E-2  2.40764754E-2 -1.11893472E-5    3
  2.08340901E-9-5.29868616E-14  -1.12345534E4    2.1164875E1                   4
ch3o2             -thermh   3o   2c   1     G     300.0    5000.0  1385.0      1
   5.95787891E0  7.90728626E-3 -2.68246234E-6 4.13891337E-10 -2.3900733E-14    2
  -1.53574838E3  -4.71963886E0   4.26146906E0  1.00873599E-2 -3.21506184E-6    3
 2.09409267E-10 4.18339103E-14  -6.84394259E2    5.1633032E0                   4
ch2co             121686h   2o   1c   2     G     300.0    5000.0  1000.0      1
     6.038817E0     5.80484E-3   -1.920954E-6   2.794485E-10  -1.458868E-14    2
    -8.583402E3    -7.657581E0     2.974971E0    1.211871E-2   -2.345046E-6    3
   -6.466685E-9   3.905649E-12    -7.632637E3     8.673553E0                   4
ch2cho            110393h   3o   1c   2     G     300.0    5000.0  1000.0      1
      5.97567E0    8.130591E-3   -2.743624E-6   4.070304E-10  -2.176017E-14    2
     4.903218E2    -5.045251E0     3.409062E0    1.073857E-2    1.891492E-6    3
   -7.158583E-9   2.867385E-12     1.521477E3      9.55829E0                   4
ch3co             120186h   3o   1c   2     G     300.0    5000.0  1000.0      1
     5.612279E0    8.449886E-3   -2.854147E-6   4.238376E-10  -2.268404E-14    2
    -5.187863E3    -3.274949E0     3.125278E0     9.77822E-3    4.521448E-6    3
   -9.009462E-9   3.193718E-12    -4.108508E3     1.122885E1                   4
ch3cho            120186h   4o   1c   2     G     300.0    5000.0  1000.0      1
      5.86865E0    1.079424E-2    -3.64553E-6   5.412912E-10  -2.896844E-14    2
    -2.264569E4    -6.012946E0     2.505695E0    1.336991E-2    4.671953E-6    3
    -1.12814E-8   4.263566E-12    -2.124589E4     1.335089E1                   4
c3h5              -thermh   5c   3          G     300.0    5000.0  1397.0      1
   8.45883958E0  1.12695483E-2 -3.83792864E-6 5.94059119E-10 -3.4391803E-14    2
   1.63576092E4   -2.2580945E1 -5.29131958E-1    3.345591E-2 -2.53401027E-5    3
  1.02865754E-8 -1.7325834E-12   1.93834226E4   2.53067131E1                   4
c3h6              -thermh   6c   3          G     300.0    5000.0  1388.0      1
   8.01595958E0  1.37023634E-2 -4.66249733E-6 7.21254402E-10-4.17370126E-14    2
  -1.87821271E3  -2.00160668E1  3.94615444E-1  2.89107662E-2 -1.54886808E-5    3
  3.88814209E-9-3.37890352E-13   1.06688164E3   2.19003736E1                   4
c3h7              120186h   7c   3          G     300.0    5000.0  1000.0      1
     7.978291E0    1.576113E-2   -5.173243E-6   7.443892E-10  -3.824978E-14    2
     7.579402E3    -1.935611E1     1.922537E0    2.478927E-2    1.810249E-6    3
   -1.783266E-8   8.582996E-12     9.713281E3     1.399271E1                   4
c4h7              -thermh   7c   4          G     300.0    5000.0  1392.0      1
   1.12103578E1  1.60483196E-2 -5.46502292E-6 8.45941053E-10-4.89772739E-14    2
   1.09041937E4  -3.55593015E1 -3.50508352E-1  4.26511243E-2 -2.90979373E-5    3
  1.05403914E-8-1.60059854E-12   1.49933591E4   2.67295696E1                   4
c4h8              -thermh   8c   4          G     300.0    5000.0  1392.0      1
   1.13508668E1  1.80617877E-2 -6.16093029E-6 9.54652959E-10-5.53089641E-14    2
  -5.97871038E3  -3.64369438E1 -8.31372089E-1  4.52580978E-2 -2.93658559E-5    3
  1.00220436E-8 -1.4319168E-12  -1.57875035E3   2.95084236E1                   4
c4h9              -thermh   9c   4          G     300.0    5000.0  1395.0      1
   1.21510082E1  1.94310717E-2  -6.6157795E-6  1.02375136E-9-5.92529707E-14    2
   3.17231942E3  -3.93425822E1 -4.37779725E-1  4.78972364E-2 -3.14023159E-5    3
  1.09786472E-8-1.62010664E-12   7.68945248E3   2.86852732E1                   4
c4h9co            -thermh   9o   1c   5     G     300.0    5000.0  1382.0      1
   1.61782939E1   2.0799192E-2 -7.11787892E-6  1.10559975E-9-6.41697187E-14    2
  -1.66537752E4  -5.58943579E1   2.43530238E0  4.93682376E-2 -2.89883082E-5    3
  8.42863812E-9-9.68287172E-13  -1.14675541E4   1.92695879E1                   4
c4h9cho           -thermh  10o   1c   5     G     300.0    5000.0  1381.0      1
   1.67965163E1  2.25684519E-2 -7.67631588E-6  1.18769369E-9-6.87545554E-14    2
   -3.5682608E4  -6.09063312E1   1.59663472E0  5.43541416E-2 -3.21020651E-5    3
  9.35773559E-9-1.06688932E-12  -2.99841025E4   2.21281498E1                   4
c4h9coch2         -thermh  11o   1c   6     G     300.0    5000.0  1387.0      1
   1.98575871E1   2.5240637E-2 -8.72522623E-6  1.36422047E-9-7.95374883E-14    2
  -2.20531958E4  -7.71140999E1  6.57240675E-1  6.91820222E-2 -4.79956182E-5    3
  1.78114857E-8-2.80456388E-12  -1.51806661E4   2.65180216E1                   4
nc7ket23          -thermh  14o   3c   7     G     300.0    5000.0  1394.0      1
    2.9406889E1  3.11132474E-2  -1.0747575E-5  1.67981822E-9-9.79195344E-14    2
  -6.04319021E4  -1.21313991E2  1.97237667E-1  1.01003617E-1 -7.54631627E-5    3
  2.92849376E-8-4.66295964E-12  -5.04393242E4   3.49969216E1                   4
c7h15-2                 h  15c   7          G     300.0    5000.0  1382.0      1
   2.16368842E1  3.23324804E-2 -1.09273807E-5   1.6835706E-9-9.71774091E-14    2
  -1.05873616E4  -8.52209653E1 -3.79155767E-2   7.5672657E-2 -4.07473634E-5    3
  9.32678943E-9-4.92360745E-13  -2.35605303E3   3.37321506E1                   4
c7h15o2           -thermh  15o   2c   7     G     300.0    5000.0  1392.0      1
   2.52622017E1  3.46652053E-2 -1.18812593E-5  1.84687322E-9-1.07234165E-13    2
  -3.05051074E4  -1.00675588E2   1.51378168E0  8.85572745E-2 -5.92457147E-5    3
  2.11801862E-8-3.20741722E-12    -2.198184E4    2.7625537E1                   4
c7h14ooh          8-thrmh  15o   2c   7     G     300.0    5000.0  1389.0      1
   2.73843966E1  3.17800796E-2 -1.07557689E-5  1.65881427E-9-9.58200506E-14    2
  -2.49404488E4  -1.09739277E2   1.62083964E0  8.83636215E-2 -5.64527235E-5    3
  1.76325999E-8-2.10369342E-12  -1.57072842E4   2.97815441E1                   4
c7h15o2h          -----2h  16o   2c   7     G     300.0    5000.0  1393.0      1
   2.77098165E1   3.4848788E-2 -1.19777002E-5   1.8655634E-9-1.08475524E-13    2
  -4.86189131E4  -1.14905489E2  6.29165042E-1  9.70053636E-2 -6.68336695E-5    3
  2.41186253E-8-3.61669837E-12  -3.90427262E4   3.10277331E1                   4
o2c7h14ooh        -98-tmh  15o   4c   7     G     300.0    5000.0  1392.0      1
   3.27436761E1  3.30060143E-2 -1.14146253E-5  1.78556283E-9-1.04147126E-13    2
  -4.58332974E4  -1.35817581E2   3.09603698E0  9.93182239E-2 -6.69045928E-5    3
   2.2419127E-8-2.97843662E-12  -3.52824732E4   2.43873873E1                   4
ch3oco                  h   3o   2c   2     G     300.0    5000.0  1601.0      1
   9.73659803E0  7.42432713E-3 -2.65641779E-6 4.25031143E-10-2.51824924E-14    2
   -2.3551245E4  -2.37360013E1   4.16215406E0  1.38037511E-2 -3.08486109E-7    3
 -4.56430814E-9 1.46909632E-12   -2.0962703E4   8.54235619E0                   4
ch3oh             121686h   4o   1c   1     G     300.0    5000.0  1000.0      1
     4.029061E0    9.376593E-3   -3.050254E-6   4.358793E-10  -2.224723E-14    2
    -2.615791E4     2.378196E0     2.660115E0    7.341508E-3    7.170051E-6    3
   -8.793194E-9    2.39057E-12    -2.535348E4     1.123263E1                   4
ch2oh             120186h   3o   1c   1     G     250.0    4000.0  1000.0      1
      6.32752E0    3.608271E-3   -3.201547E-7   -1.93875E-10   3.509705E-14    2
    -4.474509E3    -8.329366E0     2.862628E0    1.001527E-2   -5.285436E-7    3
    -5.13854E-9   2.246041E-12    -3.349679E3     1.039794E1                   4
c3h7cho           -thermh   8o   1c   4     G     300.0    5000.0  1378.0      1
   1.35988068E1  1.81652474E-2 -6.17844458E-6 9.55980208E-10-5.53442958E-14    2
  -3.15845348E4  -4.51790228E1   1.87415959E0  4.19240315E-2 -2.35148779E-5    3
  6.26913673E-9-6.09443908E-13  -2.71032194E4   1.91568574E1                   4
c6h13co           -thermh  13o   1c   7     G     300.0    5000.0  1389.0      1
   2.32412991E1  2.94013946E-2 -1.01210871E-5  1.57812201E-9-9.18349976E-14    2
  -2.67973204E4  -9.47460288E1  7.18129174E-1  7.97814021E-2 -5.30878535E-5    3
  1.83105964E-8-2.61673962E-12  -1.86909366E4   2.71126725E1                   4
c4h4              -----0h   4c   4          G     300.0    5000.0  1000.0      1
    6.3549404E0   1.5122039E-2  -5.7226539E-6  9.8267505E-10 -6.3638168E-14    2
    3.3896547E4   -7.4671631E0    1.5192467E0   2.9964752E-2  -1.9455949E-5    3
    3.983732E-9  6.4256348E-13    3.4997141E4    1.6783657E1                   4
c4h3                    h   3c   4          G     300.0    5000.0  1000.0      1
    8.1544113E0     8.45333E-3  -2.2554141E-6  3.0141167E-10 -1.6387794E-14    2
    6.2419848E4   -1.5504528E1     1.355612E0   3.2820366E-2  -3.5109366E-5    3
   2.0636321E-8 -5.0605436E-12    6.3911547E4    1.8002588E1                   4
hcco              -32387h   1o   1c   2     G     300.0    4000.0  1000.0      1
     6.758073E0      2.0004E-3   -2.027607E-7  -1.041132E-10   1.965165E-14    2
     1.901513E4    -9.071262E0     5.047965E0    4.453478E-3    2.268283E-7    3
   -1.482095E-9   2.250742E-13     1.965892E4    4.818439E-1                   4
c6h11                   h  11c   6          G     300.0    5000.0  1388.0      1
   1.73781063E1  2.52715626E-2 -8.74710351E-6  1.36884407E-9-7.98569285E-14    2
   1.33730775E3  -6.77269441E1  -1.78981302E0  6.71660911E-2 -4.34180588E-5    3
  1.43931014E-8-1.96953043E-12    8.3523047E3   3.63570478E1                   4
c2h3cho           -thermh   4o   1c   3     G     300.0    5000.0  1393.0      1
   1.04184959E1  9.48963321E-3 -3.29310529E-6 5.16279203E-10-3.01587291E-14    2
  -1.49630281E4  -3.07235061E1  2.92355162E-1  3.54321417E-2 -2.94936324E-5    3
  1.28100124E-8-2.26144108E-12  -1.16521584E4    2.2887828E1                   4
c3h6cho           -thermh   7o   1c   4     G     300.0    5000.0  1379.0      1
   1.30322954E1  1.62418373E-2 -5.54388124E-6 8.59723685E-10-4.98459726E-14    2
  -6.45915975E3  -3.92399021E1   2.67672303E0  3.73064128E-2 -2.11281405E-5    3
  5.80472681E-9-6.09688236E-13  -2.49714183E3   1.75750933E1                   4
c2h5cho           -thermh   6o   1c   3     G     300.0    5000.0  1378.0      1
   1.02427695E1  1.39641989E-2 -4.76248001E-6 7.38105706E-10-4.27759503E-14    2
  -2.74143135E4  -2.85346843E1   2.16308444E0  2.95501264E-2 -1.52446252E-5    3
  3.49503947E-9-2.38896627E-13  -2.42260137E4   1.61153348E1                   4
c4h7o             -thermh   7o   1c   4     G     300.0    5000.0  1380.0      1
   1.30026331E1  1.63104877E-2 -5.57642899E-6 8.65670629E-10-5.02255667E-14    2
  -1.25523385E4  -4.02608515E1   2.67256826E0  3.71198825E-2 -2.06862859E-5    3
  5.48873888E-9-5.35864183E-13  -8.58050888E3    1.6484895E1                   4
c6h13             -thermh  13c   6          G     300.0    5000.0  1380.0      1
   1.83687363E1   2.8026811E-2 -9.47032396E-6  1.45888527E-9-8.42002461E-14    2
  -6.46093974E3  -6.90934018E1  2.29560154E-1  6.33327323E-2 -3.24135431E-5    3
  6.46387687E-9-9.61420424E-14   5.25639155E2   3.08006138E1                   4
c6h13o            -thermh  13o   1c   6     G     300.0    5000.0  1394.0      1
   2.06212979E1  2.93505832E-2  -1.0067552E-5  1.56583919E-9-9.09553875E-14    2
  -2.47150564E4  -8.06250183E1  -1.49301672E0  8.07750602E-2 -5.64119218E-5    3
   2.0902168E-8 -3.2405361E-12  -1.69441107E4   3.83378935E1                   4
c6h13o2           -thermh  13o   2c   6     G     300.0    5000.0  1393.0      1
   2.21058203E1  3.01631951E-2 -1.03356754E-5  1.60632978E-9-9.32550072E-14    2
  -2.64125536E4  -8.58473243E1   1.62964892E0  7.68548886E-2 -5.17292235E-5    3
  1.87119014E-8-2.87653697E-12  -1.90768103E4   2.47112107E1                   4
c6h12ooh          8-thrmh  13o   2c   6     G     300.0    5000.0  1388.0      1
   2.42454253E1  2.72458345E-2 -9.19656773E-6   1.4159862E-9-8.17044423E-14    2
  -2.08564674E4  -9.50086804E1   1.85329157E0  7.61266828E-2 -4.81366962E-5    3
  1.46689377E-8-1.66417799E-12  -1.28193912E4   2.63309672E1                   4
c6h12ooho2        -98-tmh  13o   4c   6     G     300.0    5000.0  1393.0      1
   2.95271681E1  2.85203824E-2 -9.86682495E-6  1.54383896E-9-9.00649892E-14    2
  -4.16962204E4  -1.19907035E2     3.231797E0   8.7695688E-2 -5.97556683E-5    3
   2.0260791E-8-2.72506254E-12  -3.23842521E4   2.20391463E1                   4
c6ket24           -thermh  12o   3c   6     G     300.0    5000.0  1389.0      1
   2.50386062E1  2.75871713E-2 -9.52546534E-6   1.4882849E-9-8.67306185E-14    2
  -5.77837692E4  -9.80961279E1   2.88191806E0  7.81321733E-2 -5.39698643E-5    3
  1.95324043E-8-2.94996499E-12  -4.98963867E4   2.14500025E1                   4
c6h12o            -thermh  12o   1c   6     G     300.0    5000.0  1388.0      1
   1.99501923E1  2.88253331E-2  -1.0021793E-5  1.57295064E-9-9.19508743E-14    2
   -3.1567431E4  -8.24846912E1  -3.75894138E0  8.46044396E-2 -6.18101303E-5    3
  2.42424607E-8-4.01441141E-12  -2.32216305E4   4.49636341E1                   4
ch3coch2          -thermh   5o   1c   3     G     300.0    5000.0  1391.0      1
   1.02303975E1  1.16494161E-2 -4.01005537E-6 6.25205246E-10-3.63784362E-14    2
  -8.44380462E3   -2.7919722E1   1.80339187E0  3.01407085E-2 -1.93505552E-5    3
  6.38199034E-9 -8.6610318E-13  -5.37233261E3   1.78046408E1                   4
c2h5co            -thermh   5o   1c   3     G     300.0    5000.0  1373.0      1
   9.87881997E0  1.17515676E-2 -4.00614923E-6 6.20850617E-10-3.59835225E-14    2
  -8.47292283E3  -2.49235196E1   2.93313946E0  2.47427911E-2 -1.21222003E-5    3
  2.34701048E-9-5.26843338E-14  -5.69663063E3   1.35958355E1                   4
c5h10                   h  10c   5          G     300.0    5000.0  1385.0      1
   1.39945443E1  2.29446582E-2 -7.82594153E-6   1.2126023E-9-7.02518457E-14    2
  -1.31576943E4  -5.04083848E1   1.20274147E0  4.78872107E-2 -2.48144766E-5    3
  5.73514355E-9-3.91266685E-13  -8.15212335E3   2.01592579E1                   4
c5h9              -thermh   9c   5          G     300.0    5000.0  1392.0      1
   1.41860454E1  2.07128899E-2 -7.06960617E-6  1.09607133E-9-6.35322208E-14    2
   7.00496135E3  -5.14501773E1   -1.3801395E0  5.57608487E-2 -3.70143928E-5    3
  1.26883901E-8-1.78538835E-12   1.25589824E4   3.26441304E1                   4
c6h12                   h  12c   6          G     300.0    5000.0  1390.0      1
   1.73616148E1  2.71634902E-2 -9.25249439E-6  1.43247725E-9-8.29472521E-14    2
  -1.55509547E4  -6.61857343E1  -8.3781052E-1  6.64334712E-2 -4.08801772E-5    3
  1.27558015E-8-1.60665165E-12  -8.86347329E3     3.277852E1                   4
c6h112-4          -thermh  11c   6          G     300.0    5000.0  1389.0      1
   1.69675593E1  2.54635235E-2 -8.68644122E-6    1.346297E-9-7.80191162E-14    2
   1.54157079E3  -6.52971106E1  -1.16992307E0  6.48326433E-2 -4.05262795E-5    3
  1.27524726E-8-1.60498435E-12   8.16316429E3   3.32148832E1                   4
c6h11o2-4         -thermh  11o   1c   6     G     300.0    5000.0  1388.0      1
   2.17536453E1  2.29477789E-2 -7.71427788E-6  1.18540388E-9-6.83332601E-14    2
  -1.06296518E4  -8.69112396E1  -1.97396384E0  7.78641252E-2 -5.51856115E-5    3
  1.93459318E-8-2.65553891E-12  -2.46698943E3   4.04899267E1                   4
c6h12oh           -thermh  13o   1c   6     G     300.0    5000.0  1390.0      1
   2.05388853E1  2.82512269E-2 -9.53280388E-6  1.46688381E-9-8.45889133E-14    2
  -2.73356962E4   -7.6527846E1  2.03282633E-1  7.28935457E-2  -4.5920036E-5    3
   1.4511501E-8-1.81146964E-12  -2.00036461E4    3.3675165E1                   4
c8h16             -thermh  16c   8          G     300.0    5000.0  1392.0      1
   2.43540125E1  3.53666462E-2 -1.20208388E-5  1.85855053E-9-1.07522262E-13    2
  -2.24485674E4  -1.00537716E2  -1.89226915E0  9.46066357E-2 -6.27385521E-5    3
  2.15158309E-8-3.02718683E-12  -1.31074559E4   4.11878981E1                   4
c8h15             -thermh  15c   8          G     300.0    5000.0  1385.0      1
   2.33542716E1  3.34308759E-2 -1.13090513E-5  1.74349916E-9-1.00683122E-13    2
  -7.12870223E1   -9.2146055E1  -1.06767837E0  8.52582925E-2 -5.12151748E-5    3
  1.47537449E-8-1.56139848E-12   8.90562157E3   4.08246085E1                   4
c5h11             t03-97h  11c   5          G    298.15    5000.0  1000.0      1
   1.13324106E1  3.03659897E-2  -1.1393448E-5  1.99539733E-9-1.32825012E-13    2
  -5.95299959E3  -3.13564905E1   3.57867617E0  3.04236365E-2   3.2776827E-5    3
 -5.86453147E-8 2.39315107E-11  -2.60420265E3   1.42591121E1                   4
c5h11o2           -thermh  11o   2c   5     G     300.0    5000.0  1393.0      1
   1.91109668E1  2.54972629E-2 -8.72816395E-6  1.35560179E-9-7.86632141E-14    2
  -2.23858792E4  -7.05707166E1   1.96899027E0   6.4064483E-2 -4.21700472E-5    3
   1.4761046E-8-2.18348296E-12  -1.62053385E4   2.21485671E1                   4
c5h10ooh          8-thrmh  11o   2c   5     G     300.0    5000.0  1385.0      1
   2.11169318E1  2.26986457E-2 -7.63263375E-6  1.17243697E-9 -6.7548891E-14    2
  -1.67780275E4   -7.8960686E1   2.09502214E0  6.38468779E-2 -3.97543431E-5    3
  1.16640179E-8-1.21585829E-12  -9.93286805E3   2.42166673E1                   4
c10h22            -thermh  22c  10          G     300.0    5000.0  1391.0      1
   3.19882239E1  4.77244922E-2 -1.62276391E-5  2.50963259E-9-1.45215772E-13    2
   -4.6639284E4  -1.40504121E2  -2.08416969E0  1.22535012E-1 -7.76815739E-5    3
  2.49834877E-8-3.23548038E-12  -3.43021863E4    4.4226014E1                   4
c10h21            -thermh  21c  10          G     300.0    5000.0  1385.0      1
    3.1444758E1  4.52778532E-2 -1.53145696E-5  2.36072411E-9-1.36311835E-13    2
    -2.297027E4  -1.33634423E2 -9.30536886E-1  1.13137924E-1 -6.64034118E-5    3
  1.83220872E-8-1.77128003E-12  -1.09890165E4    4.2933508E1                   4
c10h21o2          -thermh  21o   2c  10     G     300.0    5000.0  1391.0      1
   3.52386548E1  4.75793514E-2 -1.63731335E-5  2.55214038E-9-1.48474197E-13    2
  -4.32282603E4  -1.50404303E2   1.01431524E0  1.24157438E-1 -8.21448954E-5    3
  2.85684148E-8-4.17000221E-12  -3.08616979E4   3.48377002E1                   4
c10ket2-1               h  20o   3c  10     G     300.0    5000.0  1393.0      1
   3.85996596E1  4.47463697E-2 -1.54033646E-5  2.40175763E-9-1.39764748E-13    2
  -7.12001532E4   -1.6440302E2  -1.9372279E-1  1.38127143E-1 -1.03141154E-4    3
  4.06829473E-8-6.64937911E-12  -5.79149099E4     4.311235E1                   4
c7h15cho          -thermh  16o   1c   8     G     300.0    5000.0  1386.0      1
   2.61609074E1  3.62858837E-2 -1.24097058E-5  1.92662114E-9-1.11780863E-13    2
  -4.79259983E4  -1.06895495E2  9.66850312E-1  9.08063795E-2 -5.67710469E-5    3
  1.81650681E-8-2.38496879E-12  -3.86587355E4   3.00918692E1                   4
c7h15co           -thermh  15o   1c   8     G     300.0    5000.0  1386.0      1
   2.57444491E1  3.41545888E-2 -1.16883107E-5  1.81544096E-9 -1.0536444E-13    2
  -2.89638264E4  -1.02988707E2   1.73697916E0  8.60262622E-2 -5.37492409E-5    3
  1.71184327E-8-2.22771849E-12  -2.01298819E4    2.7567468E1                   4
c6h13cho          -thermh  14o   1c   7     G     300.0    5000.0  1385.0      1
   2.30172858E1  3.17488129E-2 -1.08471869E-5  1.68296998E-9-9.76031894E-14    2
  -4.38361973E4  -9.14416834E1   1.16727179E0   7.8706403E-2 -4.86434224E-5    3
   1.5302262E-8 -1.9640479E-12  -3.57659062E4   2.74799549E1                   4
c12h25            -thermh  25c  12          G     300.0    5000.0  1385.0      1
   3.79688268E1  5.38719464E-2 -1.82171263E-5  2.80774503E-9 -1.6210842E-13    2
  -3.12144988E4  -1.65805933E2  -1.36787089E0  1.37355348E-1 -8.24076158E-5    3
  2.36421562E-8-2.47435932E-12  -1.67660539E4   4.83521895E1                   4
c12h25o2          -thermh  25o   2c  12     G     300.0    5000.0  1391.0      1
   4.15594442E1  5.65861741E-2 -1.94673569E-5  3.03391862E-9-1.76481347E-13    2
  -5.14188102E4   -1.8149246E2  7.19000677E-1  1.47857475E-1 -9.76141389E-5    3
  3.37768226E-8-4.89238474E-12  -3.66625786E4   3.95787186E1                   4
c12ket                  h  24o   3c  12     G     300.0    5000.0  1393.0      1
   4.49391711E1  5.37234437E-2 -1.84844136E-5  2.88118806E-9-1.67623777E-13    2
  -7.93966403E4  -1.95594753E2  -5.4900656E-1  1.62095503E-1 -1.18993817E-4    3
  4.61133228E-8-7.41761827E-12  -6.37068665E4   4.81302194E1                   4
c4h9o2            -thermh   9o   2c   4     G     300.0    5000.0  1393.0      1
   1.59125079E1   2.1017075E-2 -7.18695542E-6  1.11540718E-9-6.46906625E-14    2
  -1.82703158E4  -5.47955211E1   2.12203459E0  5.22170099E-2 -3.45361525E-5    3
  1.22590593E-8-1.85024171E-12  -1.33059163E4    1.9750235E1                   4
c4h8ooh           -thermh   9o   2c   4     G     300.0    5000.0  1379.0      1
   1.67765697E1  2.02436108E-2 -7.00755314E-6  1.09668146E-9-6.39812135E-14    2
  -1.01952999E4  -5.57317121E1   4.58873307E0  4.21293468E-2 -1.91956104E-5    3
  2.59922321E-9 2.80120772E-13  -5.24542343E3   1.21592799E1                   4
c4h8ooho2         98-trmh   9o   4c   4     G     300.0    5000.0  1395.0      1
   2.11658891E1  2.09636033E-2 -7.20558874E-6  1.12228133E-9-6.52546797E-14    2
   -3.0347938E4  -7.52165802E1   5.01285046E0   5.8301727E-2 -4.05195371E-5    3
  1.48315962E-8 -2.2623346E-12  -2.46570201E4   1.17446314E1                   4
c4ket23           -thermh   8o   3c   4     G     300.0    5000.0  1387.0      1
   1.99512969E1  1.79558596E-2 -6.31230878E-6 9.98217386E-10-5.86636973E-14    2
  -4.95585495E4  -7.43071328E1  4.50575961E-1  6.48862527E-2 -5.04446464E-5    3
   2.0308522E-8-3.35952497E-12  -4.28779359E4   3.00153676E1                   4
c4h9o             -thermh   9o   1c   4     G     300.0    5000.0  1395.0      1
   1.43191907E1  2.03755403E-2 -6.99468128E-6  1.08846398E-9-6.32475258E-14    2
  -1.65501937E4  -4.96934457E1  -1.73349511E0  5.93973025E-2 -4.43530387E-5    3
  1.78096538E-8-2.98781742E-12  -1.10605307E4    3.6091034E1                   4
c3h7o             -thermh   7o   1c   3     G     300.0    5000.0  1396.0      1
   1.11265533E1  1.58407525E-2 -5.42391589E-6 8.42560091E-10-4.88988735E-14    2
  -1.24213331E4  -3.45968831E1 -9.69615596E-1  4.48455154E-2 -3.26479816E-5    3
  1.27420941E-8-2.07979338E-12  -8.25420041E3   3.01697993E1                   4
c3h7o2                  h   7o   2c   3     G     300.0    5000.0  1394.0      1
    1.2705905E1  1.65446528E-2 -5.64857588E-6 8.75666817E-10-5.07449775E-14    2
  -1.41513305E4   -3.9662932E1   2.25116181E0  4.04764261E-2 -2.70779685E-5    3
  9.87383732E-9 -1.5439198E-12  -1.04027797E4   1.67736536E1                   4
c3h6ooh           -thermh   7o   2c   3     G     300.0    5000.0  1381.0      1
   1.43342402E1  1.50496617E-2 -5.20515993E-6 8.14227552E-10-4.74899437E-14    2
  -6.33723421E3  -4.47976591E1   4.08359443E0  3.40422329E-2 -1.62692689E-5    3
    2.387654E-9 2.21650818E-13  -2.27965073E3   1.20159683E1                   4
c3h6ooho2         98-trmh   7o   4c   3     G     300.0    5000.0  1395.0      1
   1.80081026E1  1.64454957E-2 -5.65072684E-6 8.79909715E-10-5.11539524E-14    2
  -2.62531859E4  -5.96854123E1   5.12908753E0  4.65555698E-2 -3.29168914E-5    3
  1.22946656E-8-1.91321521E-12  -2.17507893E4   9.52747117E0                   4
c3ket21           -thermh   6o   3c   3     G     300.0    5000.0  1371.0      1
   1.56377776E1  1.44059342E-2 -5.08808082E-6 8.07076119E-10 -4.7529565E-14    2
  -4.30657975E4  -5.13105869E1   4.55686367E0  3.57076837E-2 -1.94712054E-5    3
  4.70695431E-9-3.69753807E-13  -3.86710975E4   9.97761694E0                   4
n                 120186n   1               G     300.0    5000.0  1000.0      1
     2.450268E0    1.066146E-4   -7.465337E-8   1.879652E-11  -1.025984E-15    2
     5.611604E4     4.448758E0     2.503071E0   -2.180018E-5    5.420529E-8    3
   -5.64756E-11   2.099904E-14      5.60989E4     4.167566E0                   4
n2o               121286o   1n   2          G     300.0    5000.0  1000.0      1
     4.718977E0    2.873714E-3   -1.197496E-6   2.250552E-10  -1.575337E-14    2
     8.165811E3     -1.65725E0     2.543058E0    9.492193E-3   -9.792775E-6    3
    6.263845E-9  -1.901826E-12       8.7651E3     9.511222E0                   4
no                121286o   1n   1          G     300.0    5000.0  1000.0      1
     3.245435E0    1.269138E-3    -5.01589E-7   9.169283E-11  -6.275419E-15    2
      9.80084E3     6.417294E0     3.376542E0    1.253063E-3   -3.302751E-6    3
     5.21781E-9  -2.446263E-12     9.817961E3      5.82959E0                   4
no2               121286o   2n   1          G     300.0    5000.0  1000.0      1
     4.682859E0    2.462429E-3   -1.042259E-6   1.976902E-10  -1.391717E-14    2
     2.261292E3    9.885985E-1       2.6706E0    7.838501E-3   -8.063865E-6    3
    6.161715E-9   -2.32015E-12     2.896291E3     1.161207E1                   4
h2  ref element   rus 78h   2    0    0    0g   200.000  6000.000 1000.        1  
 0.29328305e+01 0.82659802e-03-0.14640057e-06 0.15409851e-10-0.68879615e-15    2
-0.81305582e+03-0.10243164e+01 0.23443029e+01 0.79804248e-02-0.19477917e-04    3
 0.20156967e-07-0.73760289e-11-0.91792413e+03 0.68300218e+00                   4
ch4    rrho       g 8/99c   1h   4    0    0g   200.000  6000.000 1000.        1  
 1.91178600e+00 9.60267960e-03-3.38387841e-06 5.38797240e-10-3.19306807e-14    2
-1.00992136e+04 8.48241861e+00 5.14825732e+00-1.37002410e-02 4.93749414e-05    3
-4.91952339e-08 1.70097299e-11-1.02453222e+04-4.63322726e+00                   4
c2h2 acetylene    g 1/91c   2h   2    0    0g   200.000  6000.000 1000.        1  
 4.65878489e+00 4.88396667e-03-1.60828888e-06 2.46974544e-10-1.38605959e-14    2
 2.57594042e+04-3.99838194e+00 8.08679682e-01 2.33615762e-02-3.55172234e-05    3
 2.80152958e-08-8.50075165e-12 2.64289808e+04 1.39396761e+01                   4
c3h4                    h   4c   3    0    0g   200.00   6000.00  1000.00    0 1
 6.31687220e+00 1.11337280e-02-3.96293780e-06 6.35642380e-10-3.78755400e-14    2
 2.01174950e+04-1.09957660e+01 2.61304450e+00 1.21225750e-02 1.85398800e-05    3
-3.45251490e-08 1.53350790e-11 2.15415670e+04 1.02261390e+01                   4
c4h2                    h   2c   4    0    0g   200.00   6000.00  1000.00    0 1
 8.66700350e+00 6.71663710e-03-2.35449950e-06 3.73830790e-10-2.21189140e-14    2
 4.98569330e+04-2.11142050e+01-3.95185080e-01 5.19558130e-02-9.17866160e-05    3
 8.05239290e-08-2.69170880e-11 5.14517090e+04 2.09691010e+01                   4
c4h4  1-butene-3  t06/04c   4h   4    0    0g   200.000  6000.000 1000.        1 
 7.98456038e+00 1.20558816e-02-4.23587475e-06 6.73646140e-10-3.99059864e-14    2
 3.11993029e+04-1.67958975e+01 1.37368786e+00 2.88801256e-02-1.46863874e-05    3
-3.91045446e-09 4.78133572e-12 3.30633344e+04 1.75941274e+01                   4
c4h6  1,3-butadient05/04c   4h   6    0    0g   200.000  6000.000 1000.        1 
 7.62637466e+00 1.72523403e-02-6.09184911e-06 9.70800102e-10-5.76169721e-14    2
 9.55306395e+03-1.48325259e+01 4.10599669e+00 5.05575563e-03 5.83885454e-05    3
-8.05950198e-08 3.27447711e-11 1.15092468e+04 8.42978067e+00                   4
c4h7  1-meth-allylt05/04c   4h   7    0    0g   200.000  6000.000 1000.        1 
 8.08107449e+00 1.95526544e-02-6.93149115e-06 1.10889183e-09-6.59584410e-14    2
 1.22822959e+04-1.67137903e+01 4.54746808e+00 4.63771460e-03 6.61340221e-05    3
-8.97456502e-08 3.61716165e-11 1.43843217e+04 7.30313471e+00                   4
c3h8                    h   8c   3    0    0g    300.00   5000.00 1000.00    0 1
 7.53413680e+00 1.88722390e-02-6.27184910e-06 9.14756490e-10-4.78380690e-14    2
-1.64675160e+04-1.78923490e+01 9.33553810e-01 2.64245790e-02 6.10597270e-06    3
-2.19774990e-08 9.51492530e-12-1.39585200e+04 1.92016910e+01                   4
o2 ref element    rus 89o   2    0    0    0g   200.000  6000.000 1000.        1  
 3.66096083e+00 6.56365523e-04-1.41149485e-07 2.05797658e-11-1.29913248e-15    2
-1.21597725e+03 3.41536184e+00 3.78245636e+00-2.99673415e-03 9.84730200e-06    3
-9.68129508e-09 3.24372836e-12-1.06394356e+03 3.65767573e+00                   4
c2                      c   2    0    0    0g    200.00   6000.00 1000.00    0 1
 3.79137060e+00 5.16504730e-04-2.54869600e-08-8.22635540e-12 1.00861680e-15    2
 9.90230590e+04 2.81518020e+00 8.64705500e-01 3.93531200e-02-1.19818180e-04    3
 1.39081030e-07-5.52055030e-11 9.87313030e+04 1.15301410e+01                   4
c                 l 7/88c   1    0    0    0g   200.000  6000.000 1000.        1   
 0.26055830e+01-0.19593434e-03 0.10673722e-06-0.16423940e-10 0.81870580e-15    2
 0.85411742e+05 0.41923868e+01 0.25542395e+01-0.32153772e-03 0.73379223e-06    3
-0.73223487e-09 0.26652144e-12 0.85442681e+05 0.45313085e+01                   4
ch                iu3/03c   1h   1    0    0g   200.000  6000.000 1000.        1  
 0.25209369e+01 0.17653639e-02-0.46147660e-06 0.59289675e-10-0.33474501e-14    2
 0.70994878e+05 0.74051829e+01 0.34897583e+01 0.32432160e-03-0.16899751e-05    3
 0.31628420e-08-0.14061803e-11 0.70660755e+05 0.20842841e+01                   4
ch2 triplet       iu3/03c   1h   2    0    0g   200.000  6000.000 1000.        1  
 3.14631886e+00 3.03671259e-03-9.96474439e-07 1.50483580e-10-8.57335515e-15    2
 4.60412605e+04 4.72341711e+00 3.71757846e+00 1.27391260e-03 2.17347251e-06    3
-3.48858500e-09 1.65208866e-12 4.58723866e+04 1.75297945e+00                   4
ch2(s) singlet    iu3/03c  1.h  2.   0.   0.g   200.000  6000.000 1000.        1
 3.13501686e+00 2.89593926e-03-8.16668090e-07 1.13572697e-10-6.36262835e-15    2
 5.05040504e+04 4.06030621e+00 4.19331325e+00-2.33105184e-03 8.15676451e-06    3
-6.62985981e-09 1.93233199e-12 5.03662246e+04-7.46734310e-01                   4
c2h ethynyl rad   t07/00c   2h   1    0    0g   200.000  6000.000 1000.        1   
 3.66459586e+00 3.82189487e-03-1.36509398e-06 2.13253692e-10-1.23098939e-14    2
 6.72238503e+04 3.91355399e+00 2.90180321e+00 1.32859725e-02-2.80508233e-05    3
 2.89300812e-08-1.07446930e-11 6.71171170e+04 6.17234595e+00                   4
c2h3  vinyl radi  atct/ac  2.h  3.   0.   0.g   200.000  6000.000 1000.        1  
 4.15026763e+00 7.54021341e-03-2.62997847e-06 4.15974048e-10-2.45407509e-14    2
 3.38566380e+04 1.72812235e+00 3.36377642e+00 2.65765722e-04 2.79620704e-05    3
-3.72986942e-08 1.51590176e-11 3.44749589e+04 7.91510092e+00                   4
c3h2                    h   2c   3    0    0g    200.00   6000.00 1000.00    0 1
 5.69445684e+00 6.53821901e-03-2.35907266e-06 3.82037384e-10-2.29227460e-14    2
 5.49264274e+04-6.96163733e+00 3.18167129e+00-3.37611741e-04 3.95343765e-05    3
-5.49792422e-08 2.28335240e-11 5.61816758e+04 9.06482468e+00                   4
c3h3                    h   3c   3    0    0g    200.00   6000.00 1000.00    0 1
 7.14221880e+00 7.61902005e-03-2.67459950e-06 4.24914801e-10-2.51475415e-14    2
 3.80693414e+04-1.25848435e+01 1.35110927e+00 3.27411223e-02-4.73827135e-05    3
 3.76309808e-08-1.18540923e-11 3.92663770e+04 1.52058924e+01                   4
c4h5   2-buyn-1yl t10/06c   4h   5    0    0g   200.000  6000.000 1000.        1  
 7.62618778e+00 1.47321922e-02-5.22511622e-06 8.36085367e-10-4.97358383e-14    2
 3.33816425e+04-1.26664026e+01 4.41575788e+00 1.36823548e-02 1.76533170e-05    3
-3.06168262e-08 1.27850098e-11 3.47871254e+04 6.39669972e+00                   4
ch3o  methoxy rad iu1/03c  1.h  3.o  1.   0.g   200.000  6000.000 1000.        1  
 4.75779238e+00 7.44142474e-03-2.69705176e-06 4.38090504e-10-2.63537098e-14    2
 3.90139164e+02-1.96680028e+00 3.71180502e+00-2.80463306e-03 3.76550971e-05    3
-4.73072089e-08 1.86588420e-11 1.30772484e+03 6.57240864e+00                   4
ch2oh radical     iu2/03c  1.h  3.o  1.   0.g   200.000  6000.000 1000.        1  
 5.09312037e+00 5.94758550e-03-2.06496524e-06 3.23006703e-10-1.88125052e-14    2
-4.05813228e+03-1.84690613e+00 4.47832317e+00-1.35069687e-03 2.78483707e-05    3
-3.64867397e-08 1.47906775e-11-3.52476728e+03 3.30911984e+00                   4
ar                      ar  1    0    0    0g    300.00   5000.00 1000.00    0 1
 2.50000000e+00 0.00000000e+00 0.00000000e+00 0.00000000e+00 0.00000000e+00    2
-7.45375000e+02 4.36600000e+00 2.50000000e+00 0.00000000e+00 0.00000000e+00    3
 0.00000000e+00 0.00000000e+00-7.45375000e+02 4.36600000e+00                   4
A1   benzene      g 6/01c   6h   6    0    0g   200.000  6000.000 1000.        1  
 1.10809576e+01 2.07176746e-02-7.52145991e-06 1.22320984e-09-7.36091279e-14    2
 4.30641035e+03-4.00413310e+01 5.04818632e-01 1.85020642e-02 7.38345881e-05    3
-1.18135741e-07 5.07210429e-11 8.55247913e+03 2.16412893e+01                   4
A1-   phenyl rad  t04/02c   6h   5    0    0g   200.000  6000.000 1000.        1
 1.08444762e+01 1.73212473e-02-6.29233249e-06 1.02369961e-09-6.16216828e-14    2
 3.55598475e+04-3.53735134e+01 2.10306633e-01 2.04745507e-02 5.89743006e-05    3
-1.01534255e-07 4.47105660e-11 3.95468722e+04 2.52910455e+01                   4
c6h5oh phenol     g 8/00c  6.h  6.o  1.   0.g   200.000  6000.000 1000.        1
 1.41552427e+01 1.99350340e-02-7.18219540e-06 1.16229002e-09-6.97147483e-14    2
-1.81287441e+04-5.17984911e+01-2.90978575e-01 4.08562397e-02 2.42829425e-05    3
-7.14477617e-08 3.46002146e-11-1.34129780e+04 2.68745637e+01                   4
c6h5o  phenoxy    t05/02c  6.h  5.o  1.   0.g   200.000  6000.000 1000.        1
 1.37221720e+01 1.74688771e-02-6.35504520e-06 1.03492308e-09-6.23410504e-14    2
 2.87274751e+02-4.88181680e+01-4.66204455e-01 4.13443975e-02 1.32412991e-05    3
-5.72872769e-08 2.89763707e-11 4.77858391e+03 2.76990274e+01                   4
c5h5 cy           t12/89c   5h   5    0    0g   200.000  6000.000 1000.        1  
 0.10844072e+02 0.15392831e-01-0.55630422e-05 0.90189440e-09-0.54156619e-13    2
 0.26950886e+05-0.35254983e+02-0.95902849e+00 0.31396777e-01 0.26724050e-04    3
-0.68942183e-07 0.33301983e-10 0.30779441e+05 0.29072780e+02                   4
c5h6              t 1/90c   5h   6    0    0g   200.000  6000.000 1000.        1  
 0.99757848e+01 0.18905543e-01-0.68411461e-05 0.11099340e-08-0.66680236e-13    2
 0.11081693e+05-0.32209454e+02 0.86108957e+00 0.14804031e-01 0.72108895e-04    3
-0.11338055e-06 0.48689972e-10 0.14801755e+05 0.21353453e+02                   4
A1c2h c6h5cch     t12/06c  8.h  6.   0.   0.g   200.000  6000.000 1000.        1
 1.63582907e+01 2.11974105e-02-7.65817215e-06 1.24134505e-09-7.45327960e-14    2
 3.10375340e+04-6.22520227e+01-2.74707918e+00 7.78284438e-02-6.69709932e-05    3
 2.37972496e-08-8.43279765e-13 3.61131008e+04 3.54221257e+01                   4
c7h8              mar95 c   7h   8    0    0g   200.000  6000.000              1
 0.12940034e+02 0.26691287e-01-0.96838505e-05 0.15738629e-08-0.94663601e-13    2
-0.69764908e+03-0.46728785e+02 0.16152663e+01 0.21099438e-01 0.85366018e-04    3
-0.13261066e-06 0.55956604e-10 0.40756300e+04 0.20282210e+02                   4
A1c2h3            t12/94c   8h   8    0    0g   298.150  5000.000              1   
 0.16139277e+02 0.24210847e-01-0.72678359e-05 0.11392276e-08-0.72984881e-13    2
 0.10249251e+05-0.61169437e+02-0.10717708e+02 0.12666725e+00-0.17762493e-03    3
 0.14344049e-06-0.47616577e-10 0.16597133e+05 0.71526331e+02                   4
A1c2h3*                 h   7c   8    0    0g    300.00   3000.00 1000.00    0 1  
 1.15635990e+01 3.02108100e-02-1.15455930e-05 1.73023200e-09-5.23797650e-14    2
 4.04984920e+04-3.48829650e+01-3.88686850e+00 6.81689610e-02-3.48058750e-05    3
-5.64102540e-09 8.07147580e-12 4.49413590e+04 4.59431880e+01                   4
n-c8h7            t 2/99c   8h   7    0    0g   200.000  6000.000              1  
 1.80458471e+01 2.21498794e-02-8.05082743e-06 1.30961070e-09-7.88615885e-14    2
 3.87090843e+04-7.17917960e+01-8.85283632e-01 5.61565120e-02 1.16600084e-05    3
-6.99146159e-08 3.63590274e-11 4.45850990e+04 2.97497087e+01                   4
c7h7      troe,jpc,1990 c   7h   7    0    0g   200.000  6000.000              1
 0.14043980e+02 0.23493873e-01-0.85375367e-05 0.13890841e-08-0.83614420e-13    2
 0.18564203e+05-0.51665589e+02 0.48111540e+00 0.38512832e-01 0.32861492e-04    3
-0.76972721e-07 0.35423068e-10 0.23307027e+05 0.23548820e+02                   4
A1c2h-   c6h4cch  h6w/94c   8h   5    0    0g   300.000  3000.000              1   
 1.23595010e+01 2.54533570e-02-1.06065540e-05 1.89146030e-09-1.06306220e-13    2
 6.09304610e+04-4.09002080e+01-4.44958590e+00 7.69950670e-02-6.66170380e-05    3
 2.50386820e-08-1.97566010e-12 6.52259260e+04 4.44279480e+01                   4
A2 naphthalene    t 7/98c  10h   8    0    0g   200.000  6000.000              1   
 1.86129884e+01 3.04494175e-02-1.11224825e-05 1.81615474e-09-1.09601281e-13    2
 8.91578988e+03-8.00230396e+01-1.04919475e+00 4.62970781e-02 7.07591636e-05    3
-1.38408111e-07 6.20475407e-11 1.59848987e+04 3.02121626e+01                   4
A2-   naphtyl rad t 7/98c  10h   7    0    0g   200.000  6000.000              1  
 1.83535073e+01 2.77474314e-02-1.00885968e-05 1.64229575e-09-9.89002001e-14    2
 3.89261241e+04-7.48978150e+01-1.89559772e+00 5.83077290e-02 2.79388931e-05    3
-9.14375172e-08 4.46422302e-11 4.55409775e+04 3.52453263e+01                   4
indene            t 9/96c   9h   8    0    0g   200.000  6000.000              1  
 0.17318671e+02 0.28982768e-01-0.10605059e-04 0.17334553e-08-0.10467919e-12    2
 0.11151429e+05-0.71555323e+02-0.68190289e+00 0.41658733e-01 0.70741234e-04    3
-0.13430875e-06 0.59915845e-10 0.17705036e+05 0.29781396e+02                   4
indenyl           t 9/96c   9h   7    0    0g   200.000  6000.000              1  
 0.18554959e+02 0.25035076e-01-0.91457509e-05 0.14934838e-08-0.90133030e-13    2
 0.25721156e+05-0.76300347e+02-0.26698729e+01 0.62177216e-01 0.15067018e-04    3
-0.79645699e-07 0.40918972e-10 0.32386969e+05 0.37861193e+02                   4
p2                l12/84c  12h  10    0    0g   300.000  5000.000              1
 0.24289017e 02 0.34006648e-01-0.11722408e-04 0.17729298e-08-0.96812532e-13    2
 0.10287000e 05-0.10802374e 03-0.40739527e 01 0.86973310e-01-0.42353613e-05    3
-0.64564460e-07 0.34150169e-10 0.19405965e 05 0.44741348e 02                   4
p2-                     h   9c  12    0    0g   300.00  5000.00  1000.00     0 1  
 0.23851303e 02 0.31960227e-01-0.11076719e-04 0.16847825e-08-0.92641173e-13    2
 0.40171297e 05-0.10270549e 03-0.31376228e 01 0.82217276e-01-0.40171444e-05    3
-0.60809782e-07 0.32074482e-10 0.48868754e 05 0.42730362e 02                   4
A2c2h*                  h   7c  12    0    0g   300.00   3000.00 1000.00     0 1  
 1.33715110e+01 4.99657190e-02-2.62269020e-05 6.59494350e-09-6.45885050e-13    2
 6.84904150e+04-4.64872350e+01-6.25389030e+00 1.14753010e-01-1.05430910e-04    3
 4.79127480e-08-7.92157250e-12 7.32491920e+04 5.19412620e+01                   4
A2r5  acenaphth   t12/00c  12h   8    0    0g   300.000  5000.000              1  
 1.93183637e+01 3.90205238e-02-1.63352587e-05 3.10041991e-09-2.19199281e-13    2
 2.15445149e+04-8.32372261e+01-2.81264181e+00 7.04681002e-02 3.15341955e-05    3
-1.05176189e-07 5.08713845e-11 2.88462829e+04 3.75755975e+01                   4
A2c2h  c10h7-cch  t 7/98c  12h   8    0    0g   200.000  6000.000              1  
 2.34108373e+01 3.12979308e-02-1.13777419e-05 1.85217551e-09-1.11546889e-13    2
 3.49196941e+04-1.00594596e+02-2.59169367e+00 8.63306190e-02-1.76590976e-05    3
-5.26006488e-08 3.15924760e-11 4.27720678e+04 3.73574503e+01                   4
A2r5-                   h   7c  12    0    0g   300.00   3000.00 1000.00     0 1  
 1.19534280e+01 5.23860720e-02-2.76952570e-05 6.98583910e-09-6.84938560e-13    2
 5.31995200e+04-4.03924920e+01-7.33802680e+00 1.11965800e-01-9.32829450e-05    3
 3.58663420e-08-4.26602220e-12 5.80597670e+04 5.73507140e+01                   4
A3     phenanthre t 1/94c  14h  10    0    0g   200.000  6000.000              1  
 0.26602474e+02 0.39769744e-01-0.14572026e-04 0.23843296e-08-0.14409548e-12    2
 0.12132838e+05-0.12266672e+03-0.33646717e+01 0.85073271e-01 0.37531110e-04    3
-0.12664499e-06 0.61445705e-10 0.22019878e+05 0.40596218e+02                   4
A3-   4-phenantr  t11/07c  14h   9    0    0g   298.150  5000.000              1 
 2.68173412e+01 3.76935761e-02-1.45586251e-05 2.58486800e-09-1.73198001e-13    2
 4.14405846e+04-1.21547559e+02-1.08929968e+01 1.41537035e-01-1.14205532e-04    3
 3.57710437e-08 0.00000000e+00 5.21136455e+04 7.37137024e+01                   4
A4      pyrene    t10/96c  16h  10    0    0g   200.000  6000.000              1  
 0.29910014e+02 0.42668069e-01-0.15733834e-04 0.25851725e-08-0.15667980e-12    2
 0.12786491e+05-0.14186953e+03-0.40420321e+01 0.91549657e-01 0.51443344e-04    3
-0.15276576e-06 0.73087530e-10 0.24094241e+05 0.43665312e+02                   4
A4-        4/25/97 thermc  16h   9    0    0g   300.000  5000.000 1370.000    01  
 3.52580112e+01 3.37799342e-02-1.20577497e-05 1.92626216e-09-1.14006421e-13    2
 4.10224476e+04-1.72843003e+02-2.70728686e+00 1.13309510e-01-7.24420479e-05    3
 2.13864176e-08-2.29813560e-12 5.51266878e+04 3.43198885e+01                   4
c18h12 chr 4/19/97 thermc  18h  12    0    0g   300.000  5000.000 1673.000    01  
 3.31662137e+01 5.08795514e-02-1.87182202e-05 3.06104765e-09-1.84366391e-13    2
 1.57642287e+04-1.59238481e+02 3.12629742e+00 1.06385095e-01-4.82700462e-05    3
 5.22816930e-09 1.05961625e-12 2.69644034e+04 6.40602579e+00                   4
c18h11     4/19/97 thermc  18h  11    0    0g   300.000  5000.000 1553.000    01  
 3.80927732e+01 4.14888957e-02-1.46997248e-05 2.33682189e-09-1.37836631e-13    2
 4.31156376e+04-1.86409947e+02 7.63557478e+00 8.20163654e-02-1.33888864e-05    3
-1.71944312e-08 6.31097097e-12 5.66581749e+04-1.21249371e+01                   4
A3c2h                   h  10c  16    0    0g    300.00   3000.00 1000.00    0 1  
 5.21651460e+01-1.31973180e-02 3.43530560e-05-1.62838920e-08 2.36773620e-12    2
 3.42350550e+04-2.54066510e+02-1.16026740e+01 1.68243940e-01-1.64320300e-04    3
 8.63943800e-08-1.93105670e-11 5.21728360e+04 7.55153660e+01                   4
A3c2h*                  h   9c  16    0    0g    300.00   3000.00 1000.00    0 1  
 4.42042910e+01 1.00322200e-02 5.84986920e-06-3.10823390e-09 3.90443000e-13    2
 6.74150930e+04-2.11916320e+02-1.05579250e+01 1.69544630e-01-1.86994930e-04    3
 1.20985220e-07-3.56159160e-11 8.28806100e+04 7.09147620e+01                   4
c4h               t12/91c   4h   1    0    0g   200.000  6000.000              1  
 0.77680939e+01 0.49850386e-02-0.17648839e-05 0.28217408e-09-0.16779623e-13    2
 0.93912126e+05-0.14159577e+02 0.13210657e+01 0.38562824e-01-0.71343174e-04    3
 0.65319977e-07-0.22607050e-10 0.95021629e+05 0.15554575e+02                   4
c4                      c   4    0    0    0g    200.00   6000.00 1000.00    0 1  
 5.63077100e+00 4.83138180e-03-1.50416810e-06 2.02894600e-10-1.00360920e-14    2
 1.22500940e+05-2.98873090e+00 3.32277500e+00 2.02592340e-02-3.73452130e-05    3
 3.56859090e-08-1.27718610e-11 1.22723640e+05 6.80979580e+00                   4
c6h2              t 3/92c   6h   2    0    0g   200.000  6000.000              1  
 0.12532801e+02 0.87766321e-02-0.31329616e-05 0.50371820e-09-0.30071921e-13    2
 0.79784338e+05-0.38858580e+02-0.54109216e+00 0.74532628e-01-0.13578252e-03    3
 0.12226630e-06-0.41825207e-10 0.82115132e+05 0.21882710e+02                   4
c8h2              t 2/92c   8h   2    0    0g   298.150  5000.000              1  
 0.17007524e+02 0.93656848e-02-0.30485718e-05 0.47653534e-09-0.29169032e-13    2
 0.10628021e+06-0.59224564e+02 0.12470437e+01 0.78392526e-01-0.12416148e-03    3
 0.98381697e-07-0.30063943e-10 0.10942891e+06 0.16048227e+02                   4
c6h               t 3/92c   6h   1    0    0g   200.000  6000.000              1  
 0.11361786e+02 0.75157820e-02-0.27216114e-05 0.43917513e-09-0.26217995e-13    2
 0.12080112e+06-0.29989833e+02 0.10110111e+01 0.59781961e-01-0.10773934e-03    3
 0.96196601e-07-0.32681317e-10 0.12261638e+06 0.17998104e+02                   4
c8h               t 2/92c   8h   1    0    0g   298.150  5000.000              1  
 0.17422244e+02 0.66413688e-02-0.22557166e-05 0.36657347e-09-0.23188722e-13    2
 0.13376514e+06-0.59275082e+02 0.34566807e+01 0.65220393e-01-0.98141367e-04    3
 0.72046762e-07-0.20447036e-10 0.13656779e+06 0.77719815e+01                   4
A4c2h      5/ 2/97 thermc  18h  10    0    0g   300.000  5000.000 1380.000    01  
 4.00549856e+01 3.70780570e-02-1.31321889e-05 2.08714093e-09-1.23089687e-13    2
 3.54491810e+04-1.96221074e+02-1.66684897e+00 1.29146981e-01-8.88321137e-05    3
 2.96510612e-08-3.87600847e-12 5.04370421e+04 2.97034755e+01                   4
A4c2h*     5/ 2/97 thermc  18h   9    0    0g   300.000  5000.000 1376.000    01  
 3.95503456e+01 3.50980873e-02-1.24815028e-05 1.98905158e-09-1.17522532e-13    2
 6.60214976e+04-1.91256136e+02-4.46464976e-01 1.21677939e-01-8.16502810e-05    3
 2.61409743e-08-3.21316409e-12 8.05697723e+04 2.59457844e+01                   4
bapyr*s  4/24/97 therm  h  11c  20    0    0g    300.00   5000.00 1367.00    0 1  
 4.42864852e+01 4.17445643e-02-1.48863371e-05 2.37663494e-09-1.40600809e-13    2
 4.29850608e+04-2.21959150e+02-3.62587203e-01 1.30524557e-01-7.53627823e-05    3
 1.75825498e-08-8.69471980e-13 5.99859990e+04 2.32559064e+01                   4
bghif  4/24/97 therm    h  10c  18    0    0g    300.00   5000.00 1397.00    0 1  
 4.03484789e+01 3.60369349e-02-1.25974449e-05 1.98535622e-09-1.16421390e-13    2
 2.33917123e+04-2.03794640e+02-1.35024568e+01 1.75273343e-01-1.52006334e-04    3
 6.58323068e-08-1.13175755e-11 4.05739002e+04 8.03624456e+01                   4
bapyr  4/24/97 therm    h  12c  20    0    0g    300.00   5000.00 1373.00    0 1  
 4.46587811e+01 4.38683433e-02-1.55934247e-05 2.48422256e-09-1.46748672e-13    2
 1.24605731e+04-2.25482194e+02-2.08146408e+00 1.40317388e-01-8.64400516e-05    3
 2.37333999e-08-2.15247872e-12 2.99280993e+04 3.00065203e+01                   4
A2ch3 c10h7-ch3   t 7/98c  11h  10    0    0g   200.000  6000.000              1  
 2.17939213e+01 3.60214098e-02-1.33228698e-05 2.19304403e-09-1.33071380e-13    2
 3.16261439e+03-9.48675403e+01-1.03043715e+00 6.03358177e-02 5.45655719e-05    3
-1.22769251e-07 5.54507327e-11 1.13241014e+04 3.22970611e+01                   4
A2ch2 c10h7-ch2*  t 7/98c  11h   9    0    0g   200.000  6000.000              1  
 2.18977539e+01 3.26102636e-02-1.18401218e-05 1.92574628e-09-1.15903442e-13    2
 2.24571098e+04-9.41050741e+01-2.53234304e+00 7.32920338e-02 2.02974707e-05    3
-9.36547823e-08 4.70753594e-11 3.02906705e+04 3.79638513e+01                   4
A3ch3      5/ 3/97 thermc  15h  12    0    0g   300.000  5000.000 2025.000    11 
 2.86721901e+01 4.57935671e-02-1.67466881e-05 2.72794395e-09-1.63863026e-13    2 
 6.77859249e+03-1.31269124e+02 2.45407326e-01 1.03437006e-01-5.52427842e-05    3
 1.17708807e-08-4.92994185e-13 1.69368456e+04 2.37077261e+01                   4
A3ch2      5/ 3/97 thermc  15h  11    0    0g   300.000  5000.000 2030.000    11  
 2.95619587e+01 4.24589619e-02-1.55841596e-05 2.54481062e-09-1.53124916e-13    2
 2.56273028e+04-1.36219923e+02 1.33783643e-01 1.04067922e-01-5.92362501e-05    3
 1.43179766e-08-9.91637313e-13 3.59458944e+04 2.35063505e+01                   4
he ref element    l10/90he  1    0    0    0g   200.000  6000.000 1000.        1   
 2.50000000e+00 0.00000000e+00 0.00000000e+00 0.00000000e+00 0.00000000e+00    2
-7.45375000e+02 9.28723974e-01 2.50000000e+00 0.00000000e+00 0.00000000e+00    3
 0.00000000e+00 0.00000000e+00-7.45375000e+02 9.28723974e-01                   4
c(s)              P 4/83c   1    0    0    0c   200.000  5000.000  1000.00     1
 0.14556924E+01 0.17170638E-02-0.69758410E-06 0.13528316E-09-0.96764905E-14    2
-0.69512804E+03-0.85256842E+01-0.31087207E+00 0.44035369E-02 0.19039412E-05    3
-0.63854697E-08 0.29896425E-11-0.10865079E+03 0.11138295E+01                   4
nox               121286n   1o   1          g  0300.00   5000.00   1000.00     1
 0.03245435e+02 0.01269138e-01-0.05015890e-05 0.09169283e-09-0.06275419e-13    2
 0.09800840e+05 0.06417294e+02 0.03376542e+02 0.01253063e-01-0.03302751e-04    3
 0.05217810e-07-0.02446263e-10 0.09817961e+05 0.05829590e+02                   4
nc6ket13          000000h  12o   3c   6     G     300.0    5000.0  1000.0      1
   1.15530982E1  5.22579661E-2 -2.36066728E-5  3.90968916E-9          0.0E0    2
  -4.80721931E4  -2.19987916E1   2.36496601E0  8.28625471E-2 -6.12300153E-5    3
    2.409516E-8-3.97857713E-12  -4.58958895E4   2.39438215E1                   4
c5h8              000000h   8c   5          G     300.0    5000.0  1000.0      1
   8.01716572E0   2.8856678E-2 -1.18753675E-5  1.81058338E-9          0.0E0    2
   4.13677173E3  -1.73580233E1  -2.32617433E0  6.38696042E-2 -5.57052591E-5    3
   2.5804948E-8-4.83405924E-12   6.55183321E3   3.42036513E1                   4
nc4h9cho          000000h  10o   1c   5     G     300.0    5000.0  1000.0      1
   4.99358295E0   4.3688509E-2 -1.98947553E-5  3.35222081E-9          0.0E0    2
  -3.08293369E4   4.95995633E0   1.59663472E0  5.43541416E-2 -3.21020651E-5    3
  9.35773559E-9-1.06688932E-12  -2.99841025E4   2.21281498E1                   4
c3h7co            -thermh   7o   1c   4     g     300.0    5000.0  1380.0      1
   1.30026331e1  1.63104877e-2 -5.57642899e-6 8.65670629e-10-5.02255667e-14    2
  -1.25523385e4  -4.02608515e1   2.67256826e0  3.71198825e-2 -2.06862859e-5    3
  5.48873888e-9-5.35864183e-13  -8.58050888e3    1.6484895e1                   4
ch3o2h            -thermh   4o   2c   1     g     300.0    5000.0  1390.0      1
   8.43117091e0  8.06817909e-3 -2.77094921e-6 4.31332243e-10-2.50692146e-14    2
  -1.96678771e4  -1.91170629e1   3.23442817e0  1.90129767e-2 -1.13386287e-5    3
  3.40306653e-9-4.11830222e-13  -1.77197926e4   9.25623949e0                   4
END
